  Firmicutes	Actinobacteria	Proteobacteria	Bacteroidetes	Other
HC01_1	244	60	243	123	9
HC01_2	383	99	47	31	11
HC01_3	191	125	174	170	31
HC01_4	193	226	254	34	9
HC02_1	108	60	387	165	4
HC02_2	235	70	291	105	5
HC03_1	293	158	142	46	22
HC03_2	330	163	115	15	16
HC03_3	231	119	185	44	68
HC04_1	292	158	153	48	18
HC04_2	270	206	112	108	9
HC04_3	197	223	169	78	22
HC05_1	83	515	46	2	16
HC05_4	73	544	47	8	14
HC06_1	624	32	31	10	16
HC06_2	437	87	79	18	10
HC07_2	372	126	135	36	3
HC09_1	322	153	152	44	8
HC10_1	114	109	114	54	13
HC11_1	373	130	99	58	12
